# StableCodec on Kodak
bpp = [0.00579, 0.00783, 0.01083, 0.01333, 0.01707, 0.02026, 0.02504, 0.02865, 0.03413]
psnr = [20.26975, 20.73231, 21.30513, 21.65274, 22.05493, 22.30099, 22.62900, 22.77507, 23.01050]
msssim = [0.64343, 0.67603, 0.71202, 0.73357, 0.75725, 0.77358, 0.79089, 0.80005, 0.81223]
lpips = [0.30967, 0.27342, 0.24439, 0.22848, 0.20691, 0.19517, 0.18207, 0.17433, 0.16643]
dists = [0.15184, 0.13822, 0.12456, 0.11674, 0.10794, 0.10302, 0.09807, 0.09652, 0.09165]
fid = [90.61, 81.76, 71.82, 64.92, 61.81, 59.79, 55.65, 54.38, 53.32]

# CLIC 2020 Test
bpp = [0.00444, 0.00599, 0.00847, 0.01062, 0.01404, 0.01696, 0.02162, 0.02526, 0.03078]
psnr = [22.13283, 22.55640, 23.20240, 23.58286, 24.03297, 24.16144, 24.58483, 24.69041, 24.93470]
msssim = [0.74809, 0.77197, 0.80038, 0.81641, 0.83517, 0.84592, 0.85926, 0.86571, 0.87374]
lpips = [0.25620, 0.22932, 0.20408, 0.18759, 0.17050, 0.16251, 0.15081, 0.14392, 0.13803]
dists = [0.11940, 0.10723, 0.09722, 0.08969, 0.08205, 0.07794, 0.07333, 0.06987, 0.06739]
fid = [6.93, 5.97, 5.20, 4.78, 4.29, 4.15, 3.73, 3.52, 3.34]
kid = [0.0011285, 0.0008627, 0.0007879, 0.0006635, 0.0005876, 0.0005795, 0.0005176, 0.0004430, 0.0004134]

# DIV2K Val
bpp = [0.00573, 0.00780, 0.01095, 0.01361, 0.01767, 0.02101, 0.02619, 0.03013, 0.03591]
psnr = [19.85542, 20.31130, 20.96205, 21.34000, 21.79800, 22.02478, 22.43692, 22.58843, 22.82993]
msssim = [0.67093, 0.70433, 0.74221, 0.76377, 0.78812, 0.80288, 0.82009, 0.82887, 0.83879]
lpips = [0.28928, 0.26202, 0.23570, 0.21805, 0.19966, 0.18963, 0.17729, 0.16945, 0.16284]
dists = [0.12245, 0.11069, 0.10022, 0.09331, 0.08596, 0.08169, 0.07737, 0.07398, 0.07146]
fid = [17.64, 15.67, 13.81, 12.75, 11.73, 10.99, 10.14, 9.66, 9.45]
kid = [0.0010417, 0.0009072, 0.0007974, 0.0007604, 0.0006953, 0.0005824, 0.0005414, 0.0004887, 0.0004490]

作者base
0.05369
psnr: 23.27877
dists: 0.08105
ms_ssim: 0.85053
lpips: 0.17060
fid: 11.14
kid_mean: 0.0007784
kid_std: 0.0001272

作者base的ft2
0.03604
psnr: 22.82088
dists: 0.07117
ms_ssim: 0.83864
lpips: 0.16236
fid: 9.56
kid_mean: 0.0005253
kid_std: 0.0001160
